image_width: 1280
image_height: 800
camera_name: narrow_stereo/right
camera_matrix:
  rows: 3
  cols: 3
  data: [960.5893348996199, 0, 690.8100583983438, 0, 958.4184115972218, 331.308685208151, 0, 0, 1]
distortion_model: plumb_bob
distortion_coefficients:
  rows: 1
  cols: 5
  data: [-0.343017921243903, 0.1261067135961335, 0.0002571737798914283, -0.002501842682154279, 0]
rectification_matrix:
  rows: 3
  cols: 3
  data: [0.9999922324812877, -0.003807504523431447, -0.001018767095189901, 0.003809086678472385, 0.9999915354438155, 0.001555602583090458, 0.001012835507906805, -0.001559471072089039, 0.99999827110561]
distortion_coefficients:
  rows: 3
  cols: 4
  data: [921.45692061762, 0, 646.8515548706055, -1088.126376564852, 0, 921.45692061762, 331.6418113708496, 0, 0, 0, 1, 0]
